function [ qp, w ] = GQ(p1, p2, p3, order)
%% Gaussian Quadrature Rules order = [1,3,4,6,7,12,13,16,19,27,33,37,46,52,61,70,73,79,88]
if order == 1
    % 1-point rule
    TABLE = [0.333333333333333, 0.333333333333333, 0.333333333333333, 1];

elseif order == 3
    % 3-point rule
    TABLE = [2/3, 1/6, 1/6, 1/3;
        1/6, 2/3, 1/6, 1/3;
        1/6, 1/6, 2/3, 1/3];

elseif order == 4
    % 4-point rule
    TABLE = [0.333333333333333, 0.333333333333333, 0.333333333333333,-0.5625;
        0.6, 0.2, 0.2, 0.520833333333333;
        0.2, 0.6, 0.2, 0.520833333333333;
        0.2, 0.2, 0.6, 0.520833333333333];

elseif order == 6
    % 6-point rule
    TABLE = [0.816847572980459,   0.091576213509771,   0.091576213509771,   0.109951743655322;
        0.091576213509771,   0.816847572980459,   0.091576213509771,   0.109951743655322;
        0.091576213509771,   0.091576213509771,   0.816847572980459,   0.109951743655322;
        0.108103018168070,   0.445948490915965,   0.445948490915965,   0.223381589678011;
        0.445948490915965,   0.108103018168070,   0.445948490915965,   0.223381589678011;
        0.445948490915965,   0.445948490915965,   0.108103018168070,   0.223381589678011];
elseif order == 7
    % 7-point rule
    TABLE =[0.33333333, 0.33333333, 0.33333333, 0.225;
        0.05971587, 0.47014206, 0.47014206, 0.13239415;
        0.47014206, 0.05971587, 0.47014206, 0.13239415;
        0.47014206, 0.47014206, 0.05971587, 0.13239415;
        0.79742698, 0.10128650, 0.10128650, 0.12593918;
        0.10128650, 0.79742698, 0.10128650, 0.12593918;
        0.10128650, 0.10128650, 0.79742698, 0.12593918];
elseif order == 12
    % 12-point rule
    TABLE = [0.873821971016996,   0.063089014491502,   0.063089014491502,   0.050844906370207;
        0.063089014491502,   0.873821971016996,   0.063089014491502,   0.050844906370207;
        0.063089014491502,   0.063089014491502,   0.873821971016996,   0.050844906370207;
        0.501426509658180,   0.249286745170910,   0.249286745170910,   0.116786275726379;
        0.249286745170910,   0.501426509658180,   0.249286745170910,   0.116786275726379;
        0.249286745170910,   0.249286745170910,   0.501426509658180,   0.116786275726379;
        0.636502499121399,   0.310352451033785,   0.053145049844816,   0.082851075618374;
        0.636502499121399,   0.053145049844816,   0.310352451033785,   0.082851075618374;
        0.310352451033785,   0.636502499121399,   0.053145049844816,   0.082851075618374;
        0.310352451033785,   0.053145049844816,   0.636502499121399,   0.082851075618374;
        0.053145049844816,   0.636502499121399,   0.310352451033785,   0.082851075618374;
        0.053145049844816,   0.310352451033785,   0.636502499121399,   0.082851075618374];
elseif order == 13
    % 13-point rule
	TABLE = [0.6666667, 0.1666667, 0.1666667, 0.2500;
        0.3333333, 0.3333333, 0.3333333, 0.0625;
        0.1666667, 0.6666667, 0.1666667, 0.0625;
        0.1666667, 0.1666667, 0.6666667, 0.0625;
        0.1666667, 0.4166667, 0.4166667, 0.0625;
        0.4166667, 0.1666667, 0.4166667, 0.0625;
        0.4166667, 0.4166667, 0.1666667, 0.0625;
        0.3333333, 0.5833333, 0.0833333, 0.0625;
        0.0833333, 0.8333333, 0.0833333, 0.0625;
        0.0833333, 0.5833333, 0.3333333, 0.0625;
        0.3333333, 0.0833333, 0.5833333, 0.0625;
        0.0833333, 0.3333333, 0.5833333, 0.0625;
        0.0833333, 0.0833333, 0.8333333, 0.0625];
elseif order == 16
    % 16-point rule
	TABLE = [0.333333333333333   0.333333333333333   0.333333333333333   0.144315607677787;
        0.170569307751760   0.170569307751760   0.658861384496480   0.103217370534718;
        0.170569307751760   0.658861384496480   0.170569307751760   0.103217370534718;
        0.658861384496480   0.170569307751760   0.170569307751760   0.103217370534718;
        0.050547228317031   0.050547228317031   0.898905543365938   0.032458497623198;
        0.050547228317031   0.898905543365938   0.050547228317031   0.032458497623198;
        0.898905543365938   0.050547228317031   0.050547228317031   0.032458497623198;
        0.459292588292723   0.459292588292723   0.081414823414554   0.095091634267285;
        0.459292588292723   0.081414823414554   0.459292588292723   0.095091634267285;
        0.081414823414554   0.459292588292723   0.459292588292723   0.095091634267285;
        0.263112829634638   0.008394777409958   0.728492392955404   0.027230314174435;
        0.008394777409958   0.263112829634638   0.728492392955404   0.027230314174435;
        0.263112829634638   0.728492392955404   0.008394777409958   0.027230314174435;
        0.008394777409958   0.728492392955404   0.263112829634638   0.027230314174435;
        0.728492392955404   0.263112829634638   0.008394777409958   0.027230314174435;
        0.728492392955404   0.008394777409958   0.263112829634638   0.027230314174435];
elseif order == 19
    % 19-point rule
	g19_z1_2 = 0.4896825191987370 ;
    g19_z2_2 = 0.4896825191987370 ;
    g19_z0_3 = 0.1258208170141290 ;
    g19_z1_3 = 0.4370895914929355 ;
    g19_z2_3 = 0.4370895914929355 ;
    g19_z0_4 = 0.6235929287619356 ;
    g19_z1_4 = 0.1882035356190322 ;
    g19_z2_4 = 0.1882035356190322 ;
    g19_z0_5 = 0.9105409732110941 ;
    g19_z1_5 = 0.04472951339445297;
    g19_z2_5 = 0.04472951339445297;
    g19_z0_6 = 0.03683841205473626;
    g19_z1_6 = 0.7411985987844980 ;
    g19_z2_6 = 1. - g19_z0_6 - g19_z1_6;
    g19_W1 = 0.09713579628279610   ;
    g19_W2 = 0.09400410068141950/3.;
    g19_W3 = 0.2334826230143263/3. ;
    g19_W4 = 0.2389432167815273/3. ;
    g19_W5 = 0.07673302697609430/3.;
    g19_W6 = 0.2597012362637364/6. ;
    TABLE = [0.333333333333333, 0.333333333333333, 0.333333333333333, g19_W1;
    g19_z0_2, g19_z1_2, g19_z1_2, g19_W2;
    g19_z1_2, g19_z0_2, g19_z1_2, g19_W2;
    g19_z1_2, g19_z1_2, g19_z0_2, g19_W2;
    g19_z0_3, g19_z1_3, g19_z1_3, g19_W3;
    g19_z1_3, g19_z0_3, g19_z1_3, g19_W3;
    g19_z1_3, g19_z1_3, g19_z0_3, g19_W3;
    g19_z0_4, g19_z1_4, g19_z1_4, g19_W4;
    g19_z1_4, g19_z0_4, g19_z1_4, g19_W4;
    g19_z1_4, g19_z1_4, g19_z0_4, g19_W4;
    g19_z0_5, g19_z1_5, g19_z1_5, g19_W5;
    g19_z1_5, g19_z0_5, g19_z1_5, g19_W5;
    g19_z1_5, g19_z1_5, g19_z0_5, g19_W5;
    g19_z0_6, g19_z1_6, g19_z2_6, g19_W6;
    g19_z0_6, g19_z2_6, g19_z1_6, g19_W6;
    g19_z1_6, g19_z0_6, g19_z2_6, g19_W6;
    g19_z1_6, g19_z2_6, g19_z0_6, g19_W6;
    g19_z2_6, g19_z0_6, g19_z1_6, g19_W6;
    g19_z2_6, g19_z1_6, g19_z0_6, g19_W6];
elseif order == 27
    % 27-point rule
	g27_z0_1 = 0.9352701037774565      ;
	g27_z1_1 = 0.03236494811127173	 ;
	g27_z2_1 = 0.03236494811127173	 ;
	g27_z0_2 = 0.7612981754348137	 ;
	g27_z1_2 = 0.1193509122825931	 ;
	g27_z2_2 = 0.1193509122825931 	 ;
	g27_z0_3 = -0.06922209654151433	 ;
	g27_z1_3 = 0.5346110482707572	 ;
	g27_z2_3 = 0.5346110482707572	 ;
	g27_z0_4 = 0.5933801991374367	 ;
	g27_z1_4 = 0.2033099004312816	 ;
	g27_z2_4 = 0.2033099004312816	 ;
	g27_z0_5 = 0.2020613940682885	 ;
	g27_z1_5 = 0.3989693029658558	 ;
	g27_z2_5 = 0.3989693029658558	 ;
	g27_z0_6 = 0.05017813831049474	 ;
	g27_z1_6 = 0.5932012134282132	 ;
	g27_z2_6 = 1. - g27_z0_6 - g27_z1_6;
	g27_z0_7 = 0.02102201653616613	 ;
	g27_z1_7 = 0.8074890031597923	 ;
	g27_z2_7 = 1. - g27_z0_7 - g27_z1_7;
	g27_W1 = 0.04097919300803106/3.	 ;
	g27_W2 = 0.1085536215102866/3.	 ;
	g27_W3 = 0.002781018986881812/3.	 ;
	g27_W4 = 0.1779689321422668/3.	 ;
	g27_W5 = 0.2314486047444677/3.	 ;
	g27_W6 = 0.3140226717732234/6.	 ;
	g27_W7 = 0.1242459578348437/6.     ;
    TABLE = [g27_z0_1, g27_z1_1, g27_z1_1, g27_W1;
    g27_z1_1, g27_z0_1, g27_z1_1, g27_W1;
    g27_z1_1, g27_z1_1, g27_z0_1, g27_W1;
    g27_z0_2, g27_z1_2, g27_z1_2, g27_W2;
    g27_z1_2, g27_z0_2, g27_z1_2, g27_W2;
    g27_z1_2, g27_z1_2, g27_z0_2, g27_W2;
    g27_z0_3, g27_z1_3, g27_z1_3, g27_W3;
    g27_z1_3, g27_z0_3, g27_z1_3, g27_W3;
    g27_z1_3, g27_z1_3, g27_z0_3, g27_W3;
    g27_z0_4, g27_z1_4, g27_z1_4, g27_W4;
    g27_z1_4, g27_z0_4, g27_z1_4, g27_W4;
    g27_z1_4, g27_z1_4, g27_z0_4, g27_W4;
    g27_z0_5, g27_z1_5, g27_z1_5, g27_W5;
    g27_z1_5, g27_z0_5, g27_z1_5, g27_W5;
    g27_z1_5, g27_z1_5, g27_z0_5, g27_W5;
    g27_z0_6, g27_z1_6, g27_z2_6, g27_W6;
    g27_z0_6, g27_z2_6, g27_z1_6, g27_W6;
    g27_z1_6, g27_z0_6, g27_z2_6, g27_W6;
    g27_z1_6, g27_z2_6, g27_z0_6, g27_W6;
    g27_z2_6, g27_z0_6, g27_z1_6, g27_W6;
    g27_z2_6, g27_z1_6, g27_z0_6, g27_W6;
    g27_z0_7, g27_z1_7, g27_z2_7, g27_W7;
    g27_z0_7, g27_z2_7, g27_z1_7, g27_W7;
    g27_z1_7, g27_z0_7, g27_z2_7, g27_W7;
    g27_z1_7, g27_z2_7, g27_z0_7, g27_W7;
    g27_z2_7, g27_z0_7, g27_z1_7, g27_W7;
    g27_z2_7, g27_z1_7, g27_z0_7, g27_W7];
elseif order == 33
    % 33-point rule
	g33_z0_1 = 0.023565220452390;
	g33_z1_1 = 0.488217389773805;
	g33_z2_1 = 0.488217389773805;
	g33_z0_2 = 0.120551215411079;
	g33_z1_2 = 0.439724392294460;
	g33_z2_2 = 0.439724392294460;
	g33_z0_3 = 0.457579229975768;
	g33_z1_3 = 0.271210385012116;
	g33_z2_3 = 0.271210385012116;
	g33_z0_4 = 0.744847708916828;
	g33_z1_4 = 0.127576145541586;
	g33_z2_4 = 0.127576145541586;
	g33_z0_5 = 0.957365299093579;
	g33_z1_5 = 0.021317350453210;
	g33_z2_5 = 0.021317350453210;
	g33_z0_6 = 0.115343494534698;
	g33_z1_6 = 0.275713269685514;
	g33_z2_6 = 0.608943235779788;
	g33_z0_7 = 0.022838332222257;
	g33_z1_7 = 0.281325580989940;
	g33_z2_7 = 0.695836086787803;
	g33_z0_8 = 0.025734050548330;
	g33_z1_8 = 0.116251915907597;
	g33_z2_8 = 0.858014033544073;
	g33_W1 = 0.025731066440455;
	g33_W2 = 0.043692544538038;
	g33_W3 = 0.062858224217885;
	g33_W4 = 0.034796112930709;
	g33_W5 = 0.006166261051559;
	g33_W6 = 0.040371557766381;
	g33_W7 = 0.022356773202303;
	g33_W8 = 0.017316231108659;
    TABLE = [g33_z0_1, g33_z1_1, g33_z1_1, g33_W1;
    g33_z1_1, g33_z0_1, g33_z1_1, g33_W1;
    g33_z1_1, g33_z1_1, g33_z0_1, g33_W1;
    g33_z0_2, g33_z1_2, g33_z1_2, g33_W2;
    g33_z1_2, g33_z0_2, g33_z1_2, g33_W2;
    g33_z1_2, g33_z1_2, g33_z0_2, g33_W2;
    g33_z0_3, g33_z1_3, g33_z1_3, g33_W3;
    g33_z1_3, g33_z0_3, g33_z1_3, g33_W3;
    g33_z1_3, g33_z1_3, g33_z0_3, g33_W3;
    g33_z0_4, g33_z1_4, g33_z1_4, g33_W4;
    g33_z1_4, g33_z0_4, g33_z1_4, g33_W4;
    g33_z1_4, g33_z1_4, g33_z0_4, g33_W4;
    g33_z0_5, g33_z1_5, g33_z1_5, g33_W5;
    g33_z1_5, g33_z0_5, g33_z1_5, g33_W5;
    g33_z1_5, g33_z1_5, g33_z0_5, g33_W5;
    g33_z0_6, g33_z1_6, g33_z2_6, g33_W6;
    g33_z0_6, g33_z2_6, g33_z1_6, g33_W6;
    g33_z1_6, g33_z0_6, g33_z2_6, g33_W6;
    g33_z1_6, g33_z2_6, g33_z0_6, g33_W6;
    g33_z2_6, g33_z0_6, g33_z1_6, g33_W6;
    g33_z2_6, g33_z1_6, g33_z0_6, g33_W6;
    g33_z0_7, g33_z1_7, g33_z2_7, g33_W7;
    g33_z0_7, g33_z2_7, g33_z1_7, g33_W7;
    g33_z1_7, g33_z0_7, g33_z2_7, g33_W7;
    g33_z1_7, g33_z2_7, g33_z0_7, g33_W7;
    g33_z2_7, g33_z0_7, g33_z1_7, g33_W7;
    g33_z2_7, g33_z1_7, g33_z0_7, g33_W7;
    g33_z0_8, g33_z1_8, g33_z2_8, g33_W8;
    g33_z0_8, g33_z2_8, g33_z1_8, g33_W8;
    g33_z1_8, g33_z0_8, g33_z2_8, g33_W8;
    g33_z1_8, g33_z2_8, g33_z0_8, g33_W8;
    g33_z2_8, g33_z0_8, g33_z1_8, g33_W8;
    g33_z2_8, g33_z1_8, g33_z0_8, g33_W8];
elseif order == 37
    % 37-point rule
	g37_z0_2  = 0.009903630120591;
	g37_z1_2  = 0.495048184939705;
	g37_z2_2  = 0.495048184939705;
	g37_z0_3  = 0.062566729780852;
	g37_z1_3  = 0.468716635109574;
	g37_z2_3  = 0.468716635109574;
	g37_z0_4  = 0.170957326397447;
	g37_z1_4  = 0.414521336801277;
	g37_z2_4  = 0.414521336801277;
	g37_z0_5  = 0.541200855914337;
	g37_z1_5  = 0.229399572042831;
	g37_z2_5  = 0.229399572042831;
	g37_z0_6  = 0.771151009607340;
	g37_z1_6  = 0.114424495196330;
	g37_z2_6  = 0.114424495196330;
	g37_z0_7  = 0.950377217273082;
	g37_z1_7  = 0.024811391363459;
	g37_z2_7  = 0.024811391363459;
	g37_z0_8  = 0.094853828379579;
	g37_z1_8  = 0.268794997058761;
	g37_z2_8  = 0.636351174561660;
	g37_z0_9  = 0.018100773278807;
	g37_z1_9  = 0.291730066734288;
	g37_z2_9  = 0.690169159986905;
	g37_z0_10 = 0.022233076674090;
	g37_z1_10 = 0.126357385491669;
	g37_z2_10 = 0.851409537834241;
	g37_W1  = 0.052520923400802;
	g37_W2  = 0.011280145209330;
	g37_W3  = 0.031423518362454;
	g37_W4  = 0.047072502504194;
	g37_W5  = 0.047363586536355;
	g37_W6  = 0.031167529045794;
	g37_W7  = 0.007975771465074;
	g37_W8  = 0.036848402728732;
	g37_W9  = 0.017401463303822;
	g37_W10 = 0.015521786839045;
    TABLE=[1/3, 1/3, 1/3, g37_W1;
    g37_z0_2, g37_z1_2, g37_z1_2, g37_W2;
    g37_z1_2, g37_z0_2, g37_z1_2, g37_W2;
    g37_z1_2, g37_z1_2, g37_z0_2, g37_W2;
    g37_z0_3, g37_z1_3, g37_z1_3, g37_W3;
    g37_z1_3, g37_z0_3, g37_z1_3, g37_W3;
    g37_z1_3, g37_z1_3, g37_z0_3, g37_W3;
    g37_z0_4, g37_z1_4, g37_z1_4, g37_W4;
    g37_z1_4, g37_z0_4, g37_z1_4, g37_W4;
    g37_z1_4, g37_z1_4, g37_z0_4, g37_W4;
    g37_z0_5, g37_z1_5, g37_z1_5, g37_W5;
    g37_z1_5, g37_z0_5, g37_z1_5, g37_W5;
    g37_z1_5, g37_z1_5, g37_z0_5, g37_W5;
    g37_z0_6, g37_z1_6, g37_z1_6, g37_W6;
    g37_z1_6, g37_z0_6, g37_z1_6, g37_W6;
    g37_z1_6, g37_z1_6, g37_z0_6, g37_W6;
    g37_z0_7, g37_z1_7, g37_z1_7, g37_W7;
    g37_z1_7, g37_z0_7, g37_z1_7, g37_W7;
    g37_z1_7, g37_z1_7, g37_z0_7, g37_W7;
    g37_z0_8, g37_z1_8, g37_z2_8, g37_W8;
    g37_z0_8, g37_z2_8, g37_z1_8, g37_W8;
    g37_z1_8, g37_z0_8, g37_z2_8, g37_W8;
    g37_z1_8, g37_z2_8, g37_z0_8, g37_W8;
    g37_z2_8, g37_z0_8, g37_z1_8, g37_W8;
    g37_z2_8, g37_z1_8, g37_z0_8, g37_W8;
    g37_z0_9, g37_z1_9, g37_z2_9, g37_W9;
    g37_z0_9, g37_z2_9, g37_z1_9, g37_W9;
    g37_z1_9, g37_z0_9, g37_z2_9, g37_W9;
    g37_z1_9, g37_z2_9, g37_z0_9, g37_W9;
    g37_z2_9, g37_z0_9, g37_z1_9, g37_W9;
    g37_z2_9, g37_z1_9, g37_z0_9, g37_W9;
    g37_z0_10, g37_z1_10, g37_z2_10, g37_W10;
    g37_z0_10, g37_z2_10, g37_z1_10, g37_W10;
    g37_z1_10, g37_z0_10, g37_z2_10, g37_W10;
    g37_z1_10, g37_z2_10, g37_z0_10, g37_W10;
    g37_z2_10, g37_z0_10, g37_z1_10, g37_W10;
    g37_z2_10, g37_z1_10, g37_z0_10, g37_W10];
elseif order == 46
    TABLE = [   0.333333333333333   0.333333333333333   0.333333333333333   0.058596285226029;
        0.009979760806458   0.009979760806458   0.980040478387083   0.001735151229725;
        0.009979760806458   0.980040478387083   0.009979760806458   0.001735151229725;
        0.980040478387083   0.009979760806458   0.009979760806458   0.001735151229725;
        0.479977893521188   0.479977893521188   0.040044212957623   0.026163782558615;
        0.479977893521188   0.040044212957623   0.479977893521188   0.026163782558615;
        0.040044212957623   0.479977893521188   0.479977893521188   0.026163782558615;
        0.153811959176967   0.153811959176967   0.692376081646066   0.003919729242402;
        0.153811959176967   0.692376081646066   0.153811959176967   0.003919729242402;
        0.692376081646066   0.153811959176967   0.153811959176967   0.003919729242402;
        0.074023477116988   0.074023477116988   0.851953045766024   0.012247359756941;
        0.074023477116988   0.851953045766024   0.074023477116988   0.012247359756941;
        0.851953045766024   0.074023477116988   0.074023477116988   0.012247359756941;
        0.130354682503330   0.130354682503330   0.739290634993340   0.028199628503258;
        0.130354682503330   0.739290634993340   0.130354682503330   0.028199628503258;
        0.739290634993340   0.130354682503330   0.130354682503330   0.028199628503258;
        0.230617226026653   0.230617226026653   0.538765547946694   0.050887087185959;
        0.230617226026653   0.538765547946694   0.230617226026653   0.050887087185959;
        0.538765547946694   0.230617226026653   0.230617226026653   0.050887087185959;
        0.422332083419148   0.422332083419148   0.155335833161704   0.050453439901604;
        0.422332083419148   0.155335833161704   0.422332083419148   0.050453439901604;
        0.155335833161704   0.422332083419148   0.422332083419148   0.050453439901604;
        0.786237385934661   0.190616360031901   0.023146254033438   0.017063644212233;
        0.190616360031901   0.786237385934661   0.023146254033438   0.017063644212233;
        0.786237385934661   0.023146254033438   0.190616360031901   0.017063644212233;
        0.190616360031901   0.023146254033438   0.786237385934661   0.017063644212233;
        0.023146254033438   0.786237385934661   0.190616360031901   0.017063644212233;
        0.023146254033438   0.190616360031901   0.786237385934661   0.017063644212233;
        0.630552143660607   0.362323137743547   0.007124718595845   0.009683466425507;
        0.362323137743547   0.630552143660607   0.007124718595845   0.009683466425507;
        0.630552143660607   0.007124718595845   0.362323137743547   0.009683466425507;
        0.362323137743547   0.007124718595845   0.630552143660607   0.009683466425507;
        0.007124718595845   0.630552143660607   0.362323137743547   0.009683466425507;
        0.007124718595845   0.362323137743547   0.630552143660607   0.009683466425507;
        0.626577329856306   0.290771205883667   0.082651464260026   0.036385755928485;
        0.290771205883667   0.626577329856306   0.082651464260026   0.036385755928485;
        0.626577329856306   0.082651464260026   0.290771205883667   0.036385755928485;
        0.290771205883667   0.082651464260026   0.626577329856306   0.036385755928485;
        0.082651464260026   0.626577329856306   0.290771205883667   0.036385755928485;
        0.082651464260026   0.290771205883667   0.626577329856306   0.036385755928485;
        0.914209984929625   0.071165710877751   0.014624304192624   0.006964663373518;
        0.071165710877751   0.914209984929625   0.014624304192624   0.006964663373518;
        0.914209984929625   0.014624304192624   0.071165710877751   0.006964663373518;
        0.071165710877751   0.014624304192624   0.914209984929625   0.006964663373518;
        0.014624304192624   0.914209984929625   0.071165710877751   0.006964663373518;
        0.014624304192624   0.071165710877751   0.914209984929625   0.006964663373518];
elseif order == 52
    TABLE = [   0.333333333333333   0.333333333333333   0.333333333333333   0.046875697427642;
        0.497380541948438   0.497380541948438   0.005238916103124   0.006405878578585;
        0.497380541948438   0.005238916103124   0.497380541948438   0.006405878578585;
        0.005238916103124   0.497380541948438   0.497380541948438   0.006405878578585;
        0.413469438549352   0.413469438549352   0.173061122901296   0.041710296739387;
        0.413469438549352   0.173061122901296   0.413469438549352   0.041710296739387;
        0.173061122901296   0.413469438549352   0.413469438549352   0.041710296739387;
        0.470458599066991   0.470458599066991   0.059082801866018   0.026891484250064;
        0.470458599066991   0.059082801866018   0.470458599066991   0.026891484250064;
        0.059082801866018   0.470458599066991   0.470458599066991   0.026891484250064;
        0.240553749969521   0.240553749969521   0.518892500060958   0.042132522761650;
        0.240553749969521   0.518892500060958   0.240553749969521   0.042132522761650;
        0.518892500060958   0.240553749969521   0.240553749969521   0.042132522761650;
        0.147965794222573   0.147965794222573   0.704068411554854   0.030000266842773;
        0.147965794222573   0.704068411554854   0.147965794222573   0.030000266842773;
        0.704068411554854   0.147965794222573   0.147965794222573   0.030000266842773;
        0.075465187657474   0.075465187657474   0.849069624685052   0.014200098925024;
        0.075465187657474   0.849069624685052   0.075465187657474   0.014200098925024;
        0.849069624685052   0.075465187657474   0.075465187657474   0.014200098925024;
        0.016596402623025   0.016596402623025   0.966807194753950   0.003582462351273;
        0.016596402623025   0.966807194753950   0.016596402623025   0.003582462351273;
        0.966807194753950   0.016596402623025   0.016596402623025   0.003582462351273;
        0.296555596579887   0.599868711174861   0.103575692245252   0.032773147460627;
        0.599868711174861   0.296555596579887   0.103575692245252   0.032773147460627;
        0.296555596579887   0.103575692245252   0.599868711174861   0.032773147460627;
        0.599868711174861   0.103575692245252   0.296555596579887   0.032773147460627;
        0.103575692245252   0.296555596579887   0.599868711174861   0.032773147460627;
        0.103575692245252   0.599868711174861   0.296555596579887   0.032773147460627;
        0.337723063403079   0.642193524941505   0.020083411655416   0.015298306248441;
        0.642193524941505   0.337723063403079   0.020083411655416   0.015298306248441;
        0.337723063403079   0.020083411655416   0.642193524941505   0.015298306248441;
        0.642193524941505   0.020083411655416   0.337723063403079   0.015298306248441;
        0.020083411655416   0.337723063403079   0.642193524941505   0.015298306248441;
        0.020083411655416   0.642193524941505   0.337723063403079   0.015298306248441;
        0.204748281642812   0.799592720971327  -0.004341002614139   0.002386244192839;
        0.799592720971327   0.204748281642812  -0.004341002614139   0.002386244192839;
        0.204748281642812  -0.004341002614139   0.799592720971327   0.002386244192839;
        0.799592720971327  -0.004341002614139   0.204748281642812   0.002386244192839;
        -0.004341002614139   0.204748281642812   0.799592720971327   0.002386244192839;
        -0.004341002614139   0.799592720971327   0.204748281642812   0.002386244192839;
        0.189358492130623   0.768699721401368   0.041941786468009   0.019084792755899;
        0.768699721401368   0.189358492130623   0.041941786468009   0.019084792755899;
        0.189358492130623   0.041941786468009   0.768699721401368   0.019084792755899;
        0.768699721401368   0.041941786468009   0.189358492130623   0.019084792755899;
        0.041941786468009   0.189358492130623   0.768699721401368   0.019084792755899;
        0.041941786468009   0.768699721401368   0.189358492130623   0.019084792755899;
        0.085283615682657   0.900399064086661   0.014317320230682   0.006850054546542;
        0.900399064086661   0.085283615682657   0.014317320230682   0.006850054546542;
        0.085283615682657   0.014317320230682   0.900399064086661   0.006850054546542;
        0.900399064086661   0.014317320230682   0.085283615682657   0.006850054546542;
        0.014317320230682   0.085283615682657   0.900399064086661   0.006850054546542;
        0.014317320230682   0.900399064086661   0.085283615682657   0.006850054546542];
elseif order == 61
    % 61-point rule
	TABLE = [0.333333333333333   0.333333333333333   0.333333333333333   0.033437199290803;
   0.497170540556774   0.497170540556774   0.005658918886452   0.005093415440507;
   0.497170540556774   0.005658918886452   0.497170540556774   0.005093415440507;
   0.005658918886452   0.497170540556774   0.497170540556774   0.005093415440507;
   0.482176322624625   0.482176322624625   0.035647354750750   0.014670864527638;
   0.482176322624625   0.035647354750750   0.482176322624625   0.014670864527638;
   0.035647354750750   0.482176322624625   0.482176322624625   0.014670864527638;
   0.450239969020782   0.450239969020782   0.099520061958436   0.024350878353672;
   0.450239969020782   0.099520061958436   0.450239969020782   0.024350878353672;
   0.099520061958436   0.450239969020782   0.450239969020782   0.024350878353672;
   0.400266239377397   0.400266239377397   0.199467521245206   0.031107550868969;
   0.400266239377397   0.199467521245206   0.400266239377397   0.031107550868969;
   0.199467521245206   0.400266239377397   0.400266239377397   0.031107550868969;
   0.252141267970953   0.252141267970953   0.495717464058094   0.031257111218620;
   0.252141267970953   0.495717464058094   0.252141267970953   0.031257111218620;
   0.495717464058094   0.252141267970953   0.252141267970953   0.031257111218620;
   0.162047004658461   0.162047004658461   0.675905990683078   0.024815654339665;
   0.162047004658461   0.675905990683078   0.162047004658461   0.024815654339665;
   0.675905990683078   0.162047004658461   0.162047004658461   0.024815654339665;
   0.075875882260746   0.075875882260746   0.848248235478508   0.014056073070557;
   0.075875882260746   0.848248235478508   0.075875882260746   0.014056073070557;
   0.848248235478508   0.075875882260746   0.075875882260746   0.014056073070557;
   0.015654726967822   0.015654726967822   0.968690546064356   0.003194676173779;
   0.015654726967822   0.968690546064356   0.015654726967822   0.003194676173779;
   0.968690546064356   0.015654726967822   0.015654726967822   0.003194676173779;
   0.334319867363658   0.655493203809423   0.010186928826919   0.008119655318993;
   0.655493203809423   0.334319867363658   0.010186928826919   0.008119655318993;
   0.334319867363658   0.010186928826919   0.655493203809423   0.008119655318993;
   0.655493203809423   0.010186928826919   0.334319867363658   0.008119655318993;
   0.010186928826919   0.334319867363658   0.655493203809423   0.008119655318993;
   0.010186928826919   0.655493203809423   0.334319867363658   0.008119655318993;
   0.292221537796944   0.572337590532020   0.135440871671036   0.026805742283163;
   0.572337590532020   0.292221537796944   0.135440871671036   0.026805742283163;
   0.292221537796944   0.135440871671036   0.572337590532020   0.026805742283163;
   0.572337590532020   0.135440871671036   0.292221537796944   0.026805742283163;
   0.135440871671036   0.292221537796944   0.572337590532020   0.026805742283163;
   0.135440871671036   0.572337590532020   0.292221537796944   0.026805742283163;
   0.319574885423190   0.626001190286228   0.054423924290582   0.018459993210822;
   0.626001190286228   0.319574885423190   0.054423924290582   0.018459993210822;
   0.319574885423190   0.054423924290582   0.626001190286228   0.018459993210822;
   0.626001190286228   0.054423924290582   0.319574885423190   0.018459993210822;
   0.054423924290582   0.319574885423190   0.626001190286228   0.018459993210822;
   0.054423924290582   0.626001190286228   0.319574885423190   0.018459993210822;
   0.190704224192292   0.796427214974071   0.012868560833637   0.008476868534328;
   0.796427214974071   0.190704224192292   0.012868560833637   0.008476868534328;
   0.190704224192292   0.012868560833637   0.796427214974071   0.008476868534328;
   0.796427214974071   0.012868560833637   0.190704224192292   0.008476868534328;
   0.012868560833637   0.190704224192292   0.796427214974071   0.008476868534328;
   0.012868560833637   0.796427214974071   0.190704224192292   0.008476868534328;
   0.180483211648746   0.752351005937729   0.067165782413525   0.018292796770025;
   0.752351005937729   0.180483211648746   0.067165782413525   0.018292796770025;
   0.180483211648746   0.067165782413525   0.752351005937729   0.018292796770025;
   0.752351005937729   0.067165782413525   0.180483211648746   0.018292796770025;
   0.067165782413525   0.180483211648746   0.752351005937729   0.018292796770025;
   0.067165782413525   0.752351005937729   0.180483211648746   0.018292796770025;
   0.080711313679564   0.904625504095608   0.014663182224828   0.006665632004165;
   0.904625504095608   0.080711313679564   0.014663182224828   0.006665632004165;
   0.080711313679564   0.014663182224828   0.904625504095608   0.006665632004165;
   0.904625504095608   0.014663182224828   0.080711313679564   0.006665632004165;
   0.014663182224828   0.080711313679564   0.904625504095608   0.006665632004165;
   0.014663182224828   0.904625504095608   0.080711313679564   0.006665632004165];
elseif order == 70
    % 70-point rule
	TABLE = [0.333333333333333   0.333333333333333   0.333333333333333   0.030809939937647;
   0.493344808630921   0.493344808630921   0.013310382738158   0.009072436679404;
   0.493344808630921   0.013310382738158   0.493344808630921   0.009072436679404;
   0.013310382738158   0.493344808630921   0.493344808630921   0.009072436679404;
   0.469210594241957   0.469210594241957   0.061578811516086   0.018761316939594;
   0.469210594241957   0.061578811516086   0.469210594241957   0.018761316939594;
   0.061578811516086   0.469210594241957   0.469210594241957   0.018761316939594;
   0.436281395887006   0.436281395887006   0.127437208225988   0.019441097985477;
   0.436281395887006   0.127437208225988   0.436281395887006   0.019441097985477;
   0.127437208225988   0.436281395887006   0.436281395887006   0.019441097985477;
   0.394846170673416   0.394846170673416   0.210307658653168   0.027753948610810;
   0.394846170673416   0.210307658653168   0.394846170673416   0.027753948610810;
   0.210307658653168   0.394846170673416   0.394846170673416   0.027753948610810;
   0.249794568803157   0.249794568803157   0.500410862393686   0.032256225351457;
   0.249794568803157   0.500410862393686   0.249794568803157   0.032256225351457;
   0.500410862393686   0.249794568803157   0.249794568803157   0.032256225351457;
   0.161432193743843   0.161432193743843   0.677135612512314   0.025074032616922;
   0.161432193743843   0.677135612512314   0.161432193743843   0.025074032616922;
   0.677135612512314   0.161432193743843   0.161432193743843   0.025074032616922;
   0.076598227485371   0.076598227485371   0.846803545029258   0.015271927971832;
   0.076598227485371   0.846803545029258   0.076598227485371   0.015271927971832;
   0.846803545029258   0.076598227485371   0.076598227485371   0.015271927971832;
   0.024252439353450   0.024252439353450   0.951495121293100   0.006793922022963;
   0.024252439353450   0.951495121293100   0.024252439353450   0.006793922022963;
   0.951495121293100   0.024252439353450   0.024252439353450   0.006793922022963;
   0.043146367216965   0.043146367216965   0.913707265566070  -0.002223098729920;
   0.043146367216965   0.913707265566070   0.043146367216965  -0.002223098729920;
   0.913707265566070   0.043146367216965   0.043146367216965  -0.002223098729920;
   0.358911494940944   0.632657968856636   0.008430536202420   0.006331914076406;
   0.632657968856636   0.358911494940944   0.008430536202420   0.006331914076406;
   0.358911494940944   0.008430536202420   0.632657968856636   0.006331914076406;
   0.632657968856636   0.008430536202420   0.358911494940944   0.006331914076406;
   0.008430536202420   0.358911494940944   0.632657968856636   0.006331914076406;
   0.008430536202420   0.632657968856636   0.358911494940944   0.006331914076406;
   0.294402476751957   0.574410971510855   0.131186551737188   0.027257538049138;
   0.574410971510855   0.294402476751957   0.131186551737188   0.027257538049138;
   0.294402476751957   0.131186551737188   0.574410971510855   0.027257538049138;
   0.574410971510855   0.131186551737188   0.294402476751957   0.027257538049138;
   0.131186551737188   0.294402476751957   0.574410971510855   0.027257538049138;
   0.131186551737188   0.574410971510855   0.294402476751957   0.027257538049138;
   0.325017801641814   0.624779046792512   0.050203151565674   0.017676785649465;
   0.624779046792512   0.325017801641814   0.050203151565674   0.017676785649465;
   0.325017801641814   0.050203151565674   0.624779046792512   0.017676785649465;
   0.624779046792512   0.050203151565674   0.325017801641814   0.017676785649465;
   0.050203151565674   0.325017801641814   0.624779046792512   0.017676785649465;
   0.050203151565674   0.624779046792512   0.325017801641814   0.017676785649465;
   0.184737559666046   0.748933176523037   0.066329263810917   0.018379484638070;
   0.748933176523037   0.184737559666046   0.066329263810917   0.018379484638070;
   0.184737559666046   0.066329263810917   0.748933176523037   0.018379484638070;
   0.748933176523037   0.066329263810917   0.184737559666046   0.018379484638070;
   0.066329263810917   0.184737559666046   0.748933176523037   0.018379484638070;
   0.066329263810917   0.748933176523037   0.184737559666046   0.018379484638070;
   0.218796800013321   0.769207005420443   0.011996194566236   0.008104732808192;
   0.769207005420443   0.218796800013321   0.011996194566236   0.008104732808192;
   0.218796800013321   0.011996194566236   0.769207005420443   0.008104732808192;
   0.769207005420443   0.011996194566236   0.218796800013321   0.008104732808192;
   0.011996194566236   0.218796800013321   0.769207005420443   0.008104732808192;
   0.011996194566236   0.769207005420443   0.218796800013321   0.008104732808192;
   0.101179597136408   0.883962302273467   0.014858100590125   0.007634129070725;
   0.883962302273467   0.101179597136408   0.014858100590125   0.007634129070725;
   0.101179597136408   0.014858100590125   0.883962302273467   0.007634129070725;
   0.883962302273467   0.014858100590125   0.101179597136408   0.007634129070725;
   0.014858100590125   0.101179597136408   0.883962302273467   0.007634129070725;
   0.014858100590125   0.883962302273467   0.101179597136408   0.007634129070725;
   0.020874755282586   1.014347260005363  -0.035222015287949   0.000046187660794;
   1.014347260005363   0.020874755282586  -0.035222015287949   0.000046187660794;
   0.020874755282586  -0.035222015287949   1.014347260005363   0.000046187660794;
   1.014347260005363  -0.035222015287949   0.020874755282586   0.000046187660794;
  -0.035222015287949   0.020874755282586   1.014347260005363   0.000046187660794;
  -0.035222015287949   1.014347260005363   0.020874755282586   0.000046187660794];
elseif order == 73
    % 73-point rule
	TABLE = [0.333333333333333   0.333333333333333   0.333333333333333   0.032906331388919;
   0.489609987073006   0.489609987073006   0.020780025853988   0.010330731891272;
   0.489609987073006   0.020780025853988   0.489609987073006   0.010330731891272;
   0.020780025853988   0.489609987073006   0.489609987073006   0.010330731891272;
   0.454536892697893   0.454536892697893   0.090926214604214   0.022387247263016;
   0.454536892697893   0.090926214604214   0.454536892697893   0.022387247263016;
   0.090926214604214   0.454536892697893   0.454536892697893   0.022387247263016;
   0.401416680649431   0.401416680649431   0.197166638701138   0.030266125869468;
   0.401416680649431   0.197166638701138   0.401416680649431   0.030266125869468;
   0.197166638701138   0.401416680649431   0.401416680649431   0.030266125869468;
   0.255551654403098   0.255551654403098   0.488896691193804   0.030490967802198;
   0.255551654403098   0.488896691193804   0.255551654403098   0.030490967802198;
   0.488896691193804   0.255551654403098   0.255551654403098   0.030490967802198;
   0.177077942152130   0.177077942152130   0.645844115695740   0.024159212741641;
   0.177077942152130   0.645844115695740   0.177077942152130   0.024159212741641;
   0.645844115695740   0.177077942152130   0.177077942152130   0.024159212741641;
   0.110061053227952   0.110061053227952   0.779877893544096   0.016050803586801;
   0.110061053227952   0.779877893544096   0.110061053227952   0.016050803586801;
   0.779877893544096   0.110061053227952   0.110061053227952   0.016050803586801;
   0.055528624251840   0.055528624251840   0.888942751496320   0.008084580261784;
   0.055528624251840   0.888942751496320   0.055528624251840   0.008084580261784;
   0.888942751496320   0.055528624251840   0.055528624251840   0.008084580261784;
   0.012621863777229   0.012621863777229   0.974756272445542   0.002079362027485;
   0.012621863777229   0.974756272445542   0.012621863777229   0.002079362027485;
   0.974756272445542   0.012621863777229   0.012621863777229   0.002079362027485;
   0.395754787356943   0.600633794794645   0.003611417848412   0.003884876904981;
   0.600633794794645   0.395754787356943   0.003611417848412   0.003884876904981;
   0.395754787356943   0.003611417848412   0.600633794794645   0.003884876904981;
   0.600633794794645   0.003611417848412   0.395754787356943   0.003884876904981;
   0.003611417848412   0.395754787356943   0.600633794794645   0.003884876904981;
   0.003611417848412   0.600633794794645   0.395754787356943   0.003884876904981;
   0.307929983880436   0.557603261588784   0.134466754530780   0.025574160612022;
   0.557603261588784   0.307929983880436   0.134466754530780   0.025574160612022;
   0.307929983880436   0.134466754530780   0.557603261588784   0.025574160612022;
   0.557603261588784   0.134466754530780   0.307929983880436   0.025574160612022;
   0.134466754530780   0.307929983880436   0.557603261588784   0.025574160612022;
   0.134466754530780   0.557603261588784   0.307929983880436   0.025574160612022;
   0.264566948406520   0.720987025817365   0.014446025776115   0.008880903573338;
   0.720987025817365   0.264566948406520   0.014446025776115   0.008880903573338;
   0.264566948406520   0.014446025776115   0.720987025817365   0.008880903573338;
   0.720987025817365   0.014446025776115   0.264566948406520   0.008880903573338;
   0.014446025776115   0.264566948406520   0.720987025817365   0.008880903573338;
   0.014446025776115   0.720987025817365   0.264566948406520   0.008880903573338;
   0.358539352205951   0.594527068955871   0.046933578838178   0.016124546761731;
   0.594527068955871   0.358539352205951   0.046933578838178   0.016124546761731;
   0.358539352205951   0.046933578838178   0.594527068955871   0.016124546761731;
   0.594527068955871   0.046933578838178   0.358539352205951   0.016124546761731;
   0.046933578838178   0.358539352205951   0.594527068955871   0.016124546761731;
   0.046933578838178   0.594527068955871   0.358539352205951   0.016124546761731;
   0.157807405968595   0.839331473680839   0.002861120350566   0.002491941817491;
   0.839331473680839   0.157807405968595   0.002861120350566   0.002491941817491;
   0.157807405968595   0.002861120350566   0.839331473680839   0.002491941817491;
   0.839331473680839   0.002861120350566   0.157807405968595   0.002491941817491;
   0.002861120350566   0.157807405968595   0.839331473680839   0.002491941817491;
   0.002861120350566   0.839331473680839   0.157807405968595   0.002491941817491;
   0.075050596975911   0.701087978926173   0.223861424097916   0.018242840118951;
   0.701087978926173   0.075050596975911   0.223861424097916   0.018242840118951;
   0.075050596975911   0.223861424097916   0.701087978926173   0.018242840118951;
   0.701087978926173   0.223861424097916   0.075050596975911   0.018242840118951;
   0.223861424097916   0.075050596975911   0.701087978926173   0.018242840118951;
   0.223861424097916   0.701087978926173   0.075050596975911   0.018242840118951;
   0.142421601113383   0.822931324069857   0.034647074816760   0.010258563736199;
   0.822931324069857   0.142421601113383   0.034647074816760   0.010258563736199;
   0.142421601113383   0.034647074816760   0.822931324069857   0.010258563736199;
   0.822931324069857   0.034647074816760   0.142421601113383   0.010258563736199;
   0.034647074816760   0.142421601113383   0.822931324069857   0.010258563736199;
   0.034647074816760   0.822931324069857   0.142421601113383   0.010258563736199;
   0.065494628082938   0.924344252620784   0.010161119296278   0.003799928855302;
   0.924344252620784   0.065494628082938   0.010161119296278   0.003799928855302;
   0.065494628082938   0.010161119296278   0.924344252620784   0.003799928855302;
   0.924344252620784   0.010161119296278   0.065494628082938   0.003799928855302;
   0.010161119296278   0.065494628082938   0.924344252620784   0.003799928855302;
   0.010161119296278   0.924344252620784   0.065494628082938   0.003799928855302];
elseif order == 79
    % 79-point rule
	TABLE = [0.333333333333333   0.333333333333333   0.333333333333333   0.033057055541624;
   0.500950464352200   0.500950464352200  -0.001900928704400   0.000867019185663;
   0.500950464352200  -0.001900928704400   0.500950464352200   0.000867019185663;
  -0.001900928704400   0.500950464352200   0.500950464352200   0.000867019185663;
   0.488212957934729   0.488212957934729   0.023574084130542   0.011660052716448;
   0.488212957934729   0.023574084130542   0.488212957934729   0.011660052716448;
   0.023574084130542   0.488212957934729   0.488212957934729   0.011660052716448;
   0.455136681950283   0.455136681950283   0.089726636099434   0.022876936356421;
